function [ H ] = H3( x )
x1 = x(1);
x2 = x(2);

h1 = 1200*(x1^2) + 2 - 400*x2;
h2 = -400*x1;
h3 = -400*x1;
h4 = 200;
H = [ h1, h2; h3, h4];
end

